tipo=cpu
num_entradas=3
pesos=0.3370375,0.3201052,-0.24529147
bias=2.2321178e-08
